Initial position of the atoms in the supercell divided in unit cell
blocks in a system of units where sigma is 1 and the origin
is placed at the center of the supercell, in cartesian coordinates 

1 [-7.38825305 -7.38825305 -7.38825305]
2 [-7.38825305 -4.92550203 -4.92550203]
3 [-4.92550203 -7.38825305 -4.92550203]
4 [-4.92550203 -4.92550203 -7.38825305]

5 [-2.46275102 -7.38825305 -7.38825305]
6 [-2.46275102 -4.92550203 -4.92550203]
7 [ 0.         -7.38825305 -4.92550203]
8 [ 0.         -4.92550203 -7.38825305]

9 [ 2.46275102 -7.38825305 -7.38825305]
10 [ 2.46275102 -4.92550203 -4.92550203]
11 [ 4.92550203 -7.38825305 -4.92550203]
12 [ 4.92550203 -4.92550203 -7.38825305]

13 [-7.38825305 -2.46275102 -7.38825305]
14 [-7.38825305  0.         -4.92550203]
15 [-4.92550203 -2.46275102 -4.92550203]
16 [-4.92550203  0.         -7.38825305]

17 [-2.46275102 -2.46275102 -7.38825305]
18 [-2.46275102  0.         -4.92550203]
19 [ 0.         -2.46275102 -4.92550203]
20 [ 0.          0.         -7.38825305]

21 [ 2.46275102 -2.46275102 -7.38825305]
22 [ 2.46275102  0.         -4.92550203]
23 [ 4.92550203 -2.46275102 -4.92550203]
24 [ 4.92550203  0.         -7.38825305]

25 [-7.38825305  2.46275102 -7.38825305]
26 [-7.38825305  4.92550203 -4.92550203]
27 [-4.92550203  2.46275102 -4.92550203]
28 [-4.92550203  4.92550203 -7.38825305]

29 [-2.46275102  2.46275102 -7.38825305]
30 [-2.46275102  4.92550203 -4.92550203]
31 [ 0.          2.46275102 -4.92550203]
32 [ 0.          4.92550203 -7.38825305]

33 [ 2.46275102  2.46275102 -7.38825305]
34 [ 2.46275102  4.92550203 -4.92550203]
35 [ 4.92550203  2.46275102 -4.92550203]
36 [ 4.92550203  4.92550203 -7.38825305]

37 [-7.38825305 -7.38825305 -2.46275102]
38 [-7.38825305 -4.92550203  0.        ]
39 [-4.92550203 -7.38825305  0.        ]
40 [-4.92550203 -4.92550203 -2.46275102]

41 [-2.46275102 -7.38825305 -2.46275102]
42 [-2.46275102 -4.92550203  0.        ]
43 [ 0.         -7.38825305  0.        ]
44 [ 0.         -4.92550203 -2.46275102]

45 [ 2.46275102 -7.38825305 -2.46275102]
46 [ 2.46275102 -4.92550203  0.        ]
47 [ 4.92550203 -7.38825305  0.        ]
48 [ 4.92550203 -4.92550203 -2.46275102]

49 [-7.38825305 -2.46275102 -2.46275102]
50 [-7.38825305  0.          0.        ]
51 [-4.92550203 -2.46275102  0.        ]
52 [-4.92550203  0.         -2.46275102]

53 [-2.46275102 -2.46275102 -2.46275102]
54 [-2.46275102  0.          0.        ]
55 [ 0.         -2.46275102  0.        ]
56 [ 0.          0.         -2.46275102]

57 [ 2.46275102 -2.46275102 -2.46275102]
58 [2.46275102 0.         0.        ]
59 [ 4.92550203 -2.46275102  0.        ]
60 [ 4.92550203  0.         -2.46275102]

61 [-7.38825305  2.46275102 -2.46275102]
62 [-7.38825305  4.92550203  0.        ]
63 [-4.92550203  2.46275102  0.        ]
64 [-4.92550203  4.92550203 -2.46275102]

65 [-2.46275102  2.46275102 -2.46275102]
66 [-2.46275102  4.92550203  0.        ]
67 [0.         2.46275102 0.        ]
68 [ 0.          4.92550203 -2.46275102]

69 [ 2.46275102  2.46275102 -2.46275102]
70 [2.46275102 4.92550203 0.        ]
71 [4.92550203 2.46275102 0.        ]
72 [ 4.92550203  4.92550203 -2.46275102]

73 [-7.38825305 -7.38825305  2.46275102]
74 [-7.38825305 -4.92550203  4.92550203]
75 [-4.92550203 -7.38825305  4.92550203]
76 [-4.92550203 -4.92550203  2.46275102]

77 [-2.46275102 -7.38825305  2.46275102]
78 [-2.46275102 -4.92550203  4.92550203]
79 [ 0.         -7.38825305  4.92550203]
80 [ 0.         -4.92550203  2.46275102]

81 [ 2.46275102 -7.38825305  2.46275102]
82 [ 2.46275102 -4.92550203  4.92550203]
83 [ 4.92550203 -7.38825305  4.92550203]
84 [ 4.92550203 -4.92550203  2.46275102]

85 [-7.38825305 -2.46275102  2.46275102]
86 [-7.38825305  0.          4.92550203]
87 [-4.92550203 -2.46275102  4.92550203]
88 [-4.92550203  0.          2.46275102]

89 [-2.46275102 -2.46275102  2.46275102]
90 [-2.46275102  0.          4.92550203]
91 [ 0.         -2.46275102  4.92550203]
92 [0.         0.         2.46275102]

93 [ 2.46275102 -2.46275102  2.46275102]
94 [2.46275102 0.         4.92550203]
95 [ 4.92550203 -2.46275102  4.92550203]
96 [4.92550203 0.         2.46275102]

97 [-7.38825305  2.46275102  2.46275102]
98 [-7.38825305  4.92550203  4.92550203]
99 [-4.92550203  2.46275102  4.92550203]
100 [-4.92550203  4.92550203  2.46275102]

101 [-2.46275102  2.46275102  2.46275102]
102 [-2.46275102  4.92550203  4.92550203]
103 [0.         2.46275102 4.92550203]
104 [0.         4.92550203 2.46275102]

105 [2.46275102 2.46275102 2.46275102]
106 [2.46275102 4.92550203 4.92550203]
107 [4.92550203 2.46275102 4.92550203]
108 [4.92550203 4.92550203 2.46275102]

